123 326
150 324
140 322
86 222
84 212
129 330
190 211
96 230
178 203
192 216
174 330
171 344
185 335
156 414
128 409
107 228
152 334
198 190
56 222
192 223
88 378
73 357
62 334
54 309
50 284
46 258
45 232
86 230
258 217
260 271
260 244
107 332
258 298
229 374
160 202
179 282
144 282
254 326
147 300
70 216
134 346
210 218
202 221
178 322
214 204
77 228
196 324
173 327
182 222
118 207
101 210
190 218
114 288
129 334
107 220
197 202
96 219
96 226
106 396
186 408
172 222
153 347
65 204
97 224
178 190
210 392
230 208
180 214
82 197
217 193
128 226
122 268
161 320
158 223
169 264
120 340
244 350
164 292
130 296
117 226
101 197
200 213
152 330
0 0
160 0
320 0
0 240
320 240
0 481
160 481
320 481
0 2 5
0 2 78
0 5 53
0 31 52
0 31 75
0 52 78
0 53 75
1 2 38
1 2 82
1 38 72
1 72 82
2 5 53
2 16 53
2 16 82
2 38 78
3 4 39
3 4 56
3 27 45
3 27 57
3 39 45
3 56 63
3 57 63
4 39 62
4 50 56
4 50 80
4 62 68
4 68 80
6 8 55
6 8 67
6 9 67
6 9 81
6 55 81
7 15 57
7 15 71
7 27 52
7 27 57
7 52 71
8 17 55
8 17 64
8 34 64
8 34 67
9 42 51
9 42 81
9 51 67
10 11 12
10 11 16
10 12 43
10 16 47
10 43 47
11 12 65
11 16 61
11 59 61
11 59 65
12 33 65
12 33 76
12 43 46
12 46 76
13 14 61
13 14 89
13 59 61
13 59 89
14 40 58
14 40 61
14 58 89
15 54 63
15 54 79
15 57 63
15 71 79
16 40 53
16 40 61
16 47 72
16 72 82
17 55 69
17 64 84
17 69 84
18 25 26
18 25 45
18 26 62
18 39 45
18 39 62
19 35 42
19 35 74
19 42 51
19 48 51
19 48 74
20 21 31
20 21 88
20 31 75
20 58 75
20 58 88
21 22 31
21 22 88
22 23 31
22 23 88
23 24 52
23 24 86
23 31 52
23 86 88
24 25 52
24 25 86
25 26 86
25 45 52
26 62 86
27 45 52
28 30 66
28 30 87
28 66 69
28 69 85
28 85 87
29 30 35
29 30 87
29 32 35
29 32 87
30 35 41
30 41 66
32 35 46
32 37 46
32 37 87
33 65 90
33 76 90
34 49 70
34 49 80
34 60 67
34 60 73
34 64 80
34 70 73
35 41 42
35 43 46
35 43 77
35 74 77
36 38 77
36 38 78
36 71 74
36 71 78
36 74 77
37 46 76
37 76 90
37 87 90
38 72 77
40 53 75
40 58 75
41 42 81
41 44 66
41 44 81
43 47 72
43 72 77
44 55 69
44 55 81
44 66 69
48 51 67
48 60 67
48 60 74
49 50 54
49 50 80
49 54 79
49 70 79
50 54 56
52 71 78
54 56 63
58 88 89
59 65 90
59 89 90
60 73 74
62 68 83
62 83 86
64 80 84
68 80 83
69 84 85
70 71 73
70 71 79
71 73 74
80 83 84
